# 3x4 ryan_new_try
= 3 8 
8 
4 
5 
1 
2 
0 
1 
2 
5 
6 
9 
10 
7 
6 
8 
= 4 5 
5 
1 
2 
0 
1 
r 
4 
0 
1 
1 
2 
r 
10 
9 
8 
5 
4 
0 
1 
11 
10 
= 8 9 
= 4 5 
5 
1 
2 
6 
0 
1 
= 5 6 
r 
2 
6 
= 4 9 
0 
1 
4 
0 
1 
6 
4 
0 
1 
1 
2 
6 
r 
8 
= 4 5 
5 
1 
2 
0 
1 
5 
2 
6 
1 
2 
6 
6 
5 
r 
1 
2 
r 
 
# subgame test= 2 3 
3 
7 
6 
10 
9 
11 
10 
6 
9 
5 
5 
6 
r 
9 
10 
r 
2 
5 
6 
9 
10 
7 
6 
r 
10 
9 
5 
11 
10 
6 
r 
5 
 
= 5 6 
6 
3 
4 
= 2 4 
4 
r 
8 
7 
6 
8 
7 
6 
3 
4 
2 
8 
7 
r 
8 
7 
6 
5 
= 2 8 
4 
8 
7 
8 
7 
7 
2 
4 
4 
2 
3 
4 
r 
 
= 3 8 
8 
4 
5 
1 
2 
0 
1 
2 
5 
6 
9 
10 
7 
6 
8 
4 
5 
1 
2 
0 
1 
r 
10 
9 
8 
5 
4 
0 
1 
11 
10 
= 8 9 
= 4 5 
5 
1 
2 
6 
0 
1 
5 
r 
2 
6 
4 
0 
1 
1 
2 
6 
r 
8 
= 4 5 
5 
1 
2 
0 
1 
5 
2 
6 
4 
0 
1 
1 
2 
6 
6 
= 4 5 
5 
1 
2 
= 5 0 
8 
0 
1 
0 
1 
2 
5 
r 
8 
5 
r 
2 
1 
r 

a3 
b2 0.2 c2 0.8 
b3 
r 
0 
1 
2 
b3 0.5 b2 0.25 c1 0.125 b2 0.125 
c3 

a3 
b2 .2 c2 .8 
b3 
r 
0 
1 
2 
b3 0.5 b2 0.25 c1 0.125 b2 0.125 
c3 
c1 .5 b2 .5 
b2 
0 
1 
c1 
r 
b2 .5 c1 .5 
c1 
0 
1 
2 
b2 
0 
1 
c1 
7 
8 
a3 
a3 
b2 .2 c2 .8 
b3 
r 
0 
1 
2 
b3 0.5 b2 0.25 c1 0.125 b2 0.125 
c3 
c1 .5 b2 .5 
b2 
0 
1 
c1 
r 
b2 .5 c1 .5 
c1 
0 
1 
2 
7 
b2 
0 
1 
c1 
7 
8 
= 0 7 
1 
2 
r 
7 
8 
7 
8 
8 
4 
= 0 8 
1 
r 
8 
7 
8 
7 
0 
1 
2 
4 
5 
7 
8 
 
