2
0
1
1
2
3


# NEWW
= 1 8 9
2
= 8 9
9
6
7
10
11
9
6
7
5
7
r
5
7
r
8
10
11
5
7
5
7
7
6
r
= 8 9
9
r
7
6
5
7
r
10
11
9
11
10
9
6
7
8
10
11
5
7
5
7
7
6
r
9
6
7
1
2
1
2
r
7
5
r
= 1 10
2
r
10
11
r
10
11
r
11
r
1
2
r
1
2
r
= 1 10
2
r
10
11
9
10
11
9
11
9
1
2
r
1
2
r
1
2
r
8
10
11
= 5 1
7
1
2
1
2
r
2
5
7
1
2
r
1
2
r
6
7
r
1
2
r
1
2

# Ryan 3x4 1/7 bound

1 .143 2 .143 8 .357 9 .357
2
= 9 8
8
10
11
5
7
5
7
6
7
r
9
6
7
7
5
r
10
11
r
10
11
9
= 8 9
9
r
6
7
7
5
r
10
11
r
10
11
9
8
10
11
5
7
5
7
7
6
r
1
= 8 9
9
6
7
7
5
r
10
11
10
11
9
8
10
11
7
5
5
7
6
7
r
= 8 9
9
r
6
7
7
5
r
10
11
r
10
11
9
8
10
11
7
5
7
5
7
6
r
9
6 .8 1 .2
7
1
2
1
2
r
2
7 .8 1 .2
5
r
= 10 1
11
r
1
2
r
1
2
r
2
r
= 1 10
2
r
11
9
1
2
r
1
2
r
1
2
r
2
r
8
1 .2 10 .8
2
11
= 7 1
5
1
2
1
2
r
2
= 1 7
2
r
5
1
2
r
1
2
r
8 .8 1 .2
1 .143 2 .143 8 .357 9 .357
2
= 9 8
8
10
11
5
7
5
7
6
7
r
9
6
7
7
5
r
10
11
r
10
11
9
= 8 9
9
r
6
7
7
5
r
10
11
r
10
11
9
8
10
11
5
7
5
7
7
6
r
1
= 8 9
9
6
7
7
5
r
10
11
10
1 .143 2 .143 8 .357 9 .357
2
= 9 8
8
10
11
5
7
5
7
6
7
r
9
6
7
7
5
r
10
11
r
10
11
9
= 8 9
9
r
6
7
7
5
r
10
11
r
10
11
9
8
10
11
5
7
5
7
7
6
r
1
= 8 9
9
6
7
7
5
r
10
11
10
1 .143 2 .143 8 .357 9 .357
2
= 9 8
8
10
11
5
7
5
7
6
7
r
9
6
7
7
5
r
10
11
r
10
11
9
= 8 9
9
r
6
7
7
5
r
10
11
r
10
11
9
8
10
11
5
7
5
7
7
6
r
1
= 8 9
9
6
7
7
5
r
10
11
10
11
9
8
10
11
7
5
5
7
6
7
r
= 8 9
9
r
6
7
7
5
r
10
11
r
10
11
9
8
10
11
7
5
7
5
7
6
r
9
6 .8 1 .2
7
1
2
1
2
r
2
7 .8 1 .2
5
r
= 10 1
11
r
1
2
r
1
2
r
2
r
= 1 10
2
r
11
9
1
2
r
1
2
r
1
2
r
2
r
8
1 .2 10 .8
2
11
= 7 1
5
1
2
1
2
r
2
= 1 7
2
r
5
1
2
r
1
2
7 .8 1 .2
6
r
1
2
r
1
2
r
2
r
